2 0.771459 0.951871 0.111165 0.0941156
5 0.367775 0.576187 0.0374677 0.0796686
5 0.7956 0.634771 0.384723 0.108106
2 0.40535 0.642879 0.0441743 0.0549511
9 0.403926 0.507792 0.0125225 0.0410537
0 0.0940496 0.806907 0.0245259 0.0970642
0 0.220061 0.839653 0.0322148 0.0975769
0 0.761867 0.83971 0.0259003 0.0961218
0 0.582345 0.880176 0.0256208 0.0997488
0 0.666675 0.749237 0.0132895 0.0712055
3 0.220408 0.861646 0.0324596 0.057745
0 0.860327 0.809442 0.0196617 0.0838983
0 0.072653 0.63815 0.0134273 0.0547663
0 0.825703 0.79121 0.0184849 0.078025
0 0.394115 0.802531 0.0221292 0.0854524
7 0.19497 0.943806 0.125359 0.109174
5 0.398665 0.603339 0.0489114 0.0727592
0 0.0511646 0.63755 0.016309 0.0578407
9 0.269284 0.502823 0.0111569 0.0430351
0 0.659542 0.827761 0.0204456 0.0792828
0 0.410413 0.800654 0.018937 0.0900343
9 0.268895 0.497316 0.0101606 0.0371632
9 0.403804 0.502722 0.0117769 0.0302597
0 0.69909 0.755271 0.0215844 0.075379
0 0.449918 0.804999 0.0217171 0.106286
0 0.541145 0.844222 0.0226973 0.0821548
2 0.0587172 0.553357 0.0309604 0.0214142
2 0.326604 0.570281 0.0191449 0.0244821
9 0.504774 0.554545 0.00814104 0.0322579
